1 PIPE -100 100 0.01 0.00235 0.3528 0 0 0 0 0 0
1 VTX -0.0924 0.0924 0.013 0.00005 0.0746 2 0 1.5708 2.89E-06 2.89E-06 1
1 VTX -0.1386 0.1386 0.01961 0.00005 0.0746 2 0 1.5708 2.89E-06 2.89E-06 1
1 VTX -0.1848 0.1848 0.02621 0.00005 0.0746 2 0 1.5708 2.89E-06 2.89E-06 1
1 VTX -0.231 0.231 0.03282 0.00005 0.0746 2 0 1.5708 2.89E-06 2.89E-06 1
1 VTXCYL -0.2829 0.2829 0.04032 0.003 0.797 0 0 0 0 0 0
1 OUT2 -1.345 1.345 1.78029 0.00014 0.1167 2 0 1.5708 2.89E-06 2.89E-06 1
1 OUT2 -1.345 1.345 1.73029 0.00014 0.1135 2 0 1.5708 2.89E-06 2.89E-06 1
1 OUT1 -1.345 1.345 1.65306 0.00014 0.1167 2 0 1.5708 2.89E-06 2.89E-06 1
1 OUT1 -1.345 1.345 1.60306 0.00014 0.1132 2 0 1.5708 2.89E-06 2.89E-06 1
1 OUT2 -1.345 1.345 1.75529 0.05 10.518 0 0 0 0 0 0
1 OUT1 -1.345 1.345 1.62806 0.05 10.5176 0 0 0 0 0 0
1 MID3 -1.345 1.345 1.01676 0.00014 0.1167 2 0 1.5708 2.89E-06 2.89E-06 1
1 MID3 -1.345 1.345 0.96676 0.00014 0.1109 2 0 1.5708 2.89E-06 2.89E-06 1
1 MID2 -1.345 1.345 0.88945 0.00014 0.1166 2 0 1.5708 2.89E-06 2.89E-06 1
1 MID2 -1.345 1.345 0.83945 0.00014 0.1101 2 0 1.5708 2.89E-06 2.89E-06 1
1 MID1 -1.345 1.345 0.7621 0.00014 0.1166 2 0 1.5708 2.89E-06 2.89E-06 1
1 MID1 -1.345 1.345 0.7121 0.00014 0.1089 2 0 1.5708 2.89E-06 2.89E-06 1
1 MID3 -1.345 1.345 0.99176 0.05 10.5124 0 0 0 0 0 0
1 MID2 -1.345 1.345 0.86445 0.05 10.5098 0 0 0 0 0 0
1 MID1 -1.345 1.345 0.7371 0.05 10.5058 0 0 0 0 0 0
1 VTXSUP -0.0924 0.0924 0.01631 0.00660 41.74 0 0 0 0 0 0
1 VTXSUP -0.1386 0.1386 0.02291 0.00660 51.67 0 0 0 0 0 0
1 VTXSUP -0.1848 0.1848 0.02952 0.00660 62.22 0 0 0 0 0 0
1 VTXSUP -0.2310 0.2310 0.03582 0.00600 71.17 0 0 0 0 0 0
2 EC1 0.15 1.7803 1.385 0.00014 0.1168 2 0 1.5708 2.89E-06 2.89E-06 1
2 EC1 0.15 1.7803 1.41 0.05 8.6121 0 0 0 0 0 0
2 EC1 0.15 1.7803 1.435 0.00014 0.1168 2 0 1.5708 2.89E-06 2.89E-06 1
2 EC2 0.2 1.7803 1.55763 0.00014 0.1168 2 0 1.5708 2.89E-06 2.89E-06 1
2 EC2 0.2 1.7803 1.58263 0.05 8.6121 0 0 0 0 0 0
2 EC2 0.2 1.7803 1.60763 0.00014 0.1168 2 0 1.5708 2.89E-06 2.89E-06 1
2 EC3 0.2 1.7803 1.7514 0.00014 0.1168 2 0 1.5708 2.89E-06 2.89E-06 1
2 EC3 0.2 1.7803 1.7764 0.05 8.6121 0 0 0 0 0 0
2 EC3 0.2 1.7803 1.8014 0.00014 0.1168 2 0 1.5708 2.89E-06 2.89E-06 1
2 EC4 0.25 1.7803 1.9689 0.00014 0.1168 2 0 1.5708 2.89E-06 2.89E-06 1
2 EC4 0.25 1.7803 1.9939 0.05 8.6121 0 0 0 0 0 0
2 EC4 0.25 1.7803 2.0189 0.00014 0.1168 2 0 1.5708 2.89E-06 2.89E-06 1
2 EC1 0.15 1.7803 -1.385 0.00014 0.1168 2 0 1.5708 2.88675E-06 2.88675E-06 1
2 EC1 0.15 1.7803 -1.41 0.05 8.6121 0 0 0 0 0 0
2 EC1 0.15 1.7803 -1.435 0.00014 0.1168 2 0 1.5708 2.88675E-06 2.88675E-06 1
2 EC2 0.2 1.7803 -1.55763 0.00014 0.1168 2 0 1.5708 2.88675E-06 2.88675E-06 1
2 EC2 0.2 1.7803 -1.58263 0.05 8.6121 0 0 0 0 0 0
2 EC2 0.2 1.7803 -1.60763 0.00014 0.1168 2 0 1.5708 2.88675E-06 2.88675E-06 1
2 EC3 0.2 1.7803 -1.7514 0.00014 0.1168 2 0 1.5708 2.88675E-06 2.88675E-06 1
2 EC3 0.2 1.7803 -1.7764 0.05 8.6121 0 0 0 0 0 0
2 EC3 0.2 1.7803 -1.8014 0.00014 0.1168 2 0 1.5708 2.88675E-06 2.88675E-06 1
2 EC4 0.25 1.7803 -1.9689 0.00014 0.1168 2 0 1.5708 2.88675E-06 2.88675E-06 1
2 EC4 0.25 1.7803 -1.9939 0.05 8.6121 0 0 0 0 0 0
2 EC4 0.25 1.7803 -2.0189 0.00014 0.1168 2 0 1.5708 2.88675E-06 2.88675E-06 1
2 FLANGE 0.6996 1.7939 1.355 0.02 16.8629 0 0 0 0 0 0
2 FLANGE 0.6996 1.7939 -1.355 0.02 16.8629 0 0 0 0 0 0
2 BARSERV 0.7121 1.7939 1.365 0.02 6.2604 0 0 0 0 0 0
2 BARSERV 0.7121 1.7939 -1.365 0.02 6.2604 0 0 0 0 0 0
1 MAG -2.8 2.8 2.8 0.2 0.0658 0 0 0 0 0 0
1 ECAL -2.3 2.3 2.4 0.4 0.016 0 0 0 0 0 0
2 ECAL 0.3 2.6 2.6 0.4 0.016 0 0 0 0 0 0
2 ECAL 0.3 2.6 -2.6 0.4 0.016 0 0 0 0 0 0
1 ARC -2 2 2 0.2 2 0 0 0 0 0 0
2 ARC 0.27 2.1 2.2 0.2 2 0 0 0 0 0 0
2 ARC 0.27 2.1 -2.2 0.2 2 0 0 0 0 0 0