1 PIPE -100 100 0.01 0.00235 0.3528 0 0 0 0 0 0
1 VTX -0.0928 0.0928 0.013 0.00005 0.0746 2 0 1.5708 2.89E-06 2.89E-06 1
1 VTX -0.1272 0.1272 0.0178 0.00005 0.0746 2 0 1.5708 2.89E-06 2.89E-06 1
1 VTX -0.1696 0.1696 0.0238 0.00005 0.0746 2 0 1.5708 2.89E-06 2.89E-06 1
1 VTX -0.212 0.212 0.0298 0.00005 0.0746 2 0 1.5708 2.89E-06 2.89E-06 1
1 VTX -0.2544 0.2544 0.0357 0.00005 0.0746 2 0 1.5708 2.89E-06 2.89E-06 1
1 VTXCYL -0.3032 0.3032 0.0432 0.003 0.797 0 0 0 0 0 0
1 OUT2 -1.345 1.345 1.76603 0.00014 0.1158 2 0 1.5708 2.89E-06 2.89E-06 1
1 OUT2 -1.345 1.345 1.71603 0.00014 0.1125 2 0 1.5708 2.89E-06 2.89E-06 1
1 OUT1 -1.345 1.345 1.63982 0.00014 0.1158 2 0 1.5708 2.89E-06 2.89E-06 1
1 OUT1 -1.345 1.345 1.58982 0.00014 0.1123 2 0 1.5708 2.89E-06 2.89E-06 1
1 OUT2 -1.345 1.345 1.74103 0.05 12.7193 0 0 0 0 0 0
1 OUT1 -1.345 1.345 1.61482 0.05 12.7187 0 0 0 0 0 0
1 MID2 -1.345 1.345 0.94548 0.00014 0.1157 2 0 1.5708 2.89E-06 2.89E-06 1
1 MID2 -1.345 1.345 0.89548 0.00014 0.1096 2 0 1.5708 2.89E-06 2.89E-06 1
1 MID1 -1.345 1.345 0.81917 0.00014 0.1157 2 0 1.5708 2.89E-06 2.89E-06 1
1 MID1 -1.345 1.345 0.76917 0.00014 0.1086 2 0 1.5708 2.89E-06 2.89E-06 1
1 MID2 -1.345 1.345 0.92048 0.05 12.711 0 0 0 0 0 0
1 MID1 -1.345 1.345 0.79417 0.05 12.7072 0 0 0 0 0 0
1 VTXSUP -0.0928 0.0928 0.0154 0.0048 30.86 0 0 0 0 0 0
1 VTXSUP -0.1272 0.1272 0.0208 0.006 50.18 0 0 0 0 0 0
1 VTXSUP -0.1696 0.1696 0.0268 0.006 56.72 0 0 0 0 0 0
1 VTXSUP -0.212 0.212 0.03275 0.0059 64.73 0 0 0 0 0 0
1 VTXSUP -0.2544 0.2544 0.0387 0.006 71.26 0 0 0 0 0 0
2 EC1 0.15 1.766 1.385 0.00014 0.1168 2 0 1.5708 2.89E-06 2.89E-06 1
2 EC1 0.15 1.766 1.41 0.05 9.3741 0 0 0 0 0 0
2 EC1 0.15 1.766 1.435 0.00014 0.1168 2 0 1.5708 2.89E-06 2.89E-06 1
2 EC2 0.2 1.766 1.55387 0.00014 0.1168 2 0 1.5708 2.89E-06 2.89E-06 1
2 EC2 0.2 1.766 1.57887 0.05 9.3741 0 0 0 0 0 0
2 EC2 0.2 1.766 1.60387 0.00014 0.1168 2 0 1.5708 2.89E-06 2.89E-06 1
2 EC3 0.2 1.766 1.74296 0.00014 0.1168 2 0 1.5708 2.89E-06 2.89E-06 1
2 EC3 0.2 1.766 1.76796 0.05 9.3741 0 0 0 0 0 0
2 EC3 0.2 1.766 1.79296 0.00014 0.1168 2 0 1.5708 2.89E-06 2.89E-06 1
2 EC4 0.25 1.766 1.9547 0.00014 0.1168 2 0 1.5708 2.89E-06 2.89E-06 1
2 EC4 0.25 1.766 1.9797 0.05 9.3741 0 0 0 0 0 0
2 EC4 0.25 1.766 2.0047 0.00014 0.1168 2 0 1.5708 2.89E-06 2.89E-06 1
2 EC1 0.15 1.766 -1.385 0.00014 0.1168 2 0 1.5708 2.88675E-06 2.88675E-06 1
2 EC1 0.15 1.766 -1.41 0.05 9.3741 0 0 0 0 0 0
2 EC1 0.15 1.766 -1.435 0.00014 0.1168 2 0 1.5708 2.88675E-06 2.88675E-06 1
2 EC2 0.2 1.766 -1.55387 0.00014 0.1168 2 0 1.5708 2.88675E-06 2.88675E-06 1
2 EC2 0.2 1.766 -1.57887 0.05 9.3741 0 0 0 0 0 0
2 EC2 0.2 1.766 -1.60387 0.00014 0.1168 2 0 1.5708 2.88675E-06 2.88675E-06 1
2 EC3 0.2 1.766 -1.74296 0.00014 0.1168 2 0 1.5708 2.88675E-06 2.88675E-06 1
2 EC3 0.2 1.766 -1.76796 0.05 9.3741 0 0 0 0 0 0
2 EC3 0.2 1.766 -1.79296 0.00014 0.1168 2 0 1.5708 2.88675E-06 2.88675E-06 1
2 EC4 0.25 1.766 -1.9547 0.00014 0.1168 2 0 1.5708 2.88675E-06 2.88675E-06 1
2 EC4 0.25 1.766 -1.9797 0.05 9.3741 0 0 0 0 0 0
2 EC4 0.25 1.766 -2.0047 0.00014 0.1168 2 0 1.5708 2.88675E-06 2.88675E-06 1
2 FLANGE 0.7567 1.7797 1.355 0.02 17.5374 0 0 0 0 0 0
2 FLANGE 0.7567 1.7797 -1.355 0.02 17.5374 0 0 0 0 0 0
2 BARSERV 0.7692 1.7797 1.365 0.02 7.7466 0 0 0 0 0 0
2 BARSERV 0.7692 1.7797 -1.365 0.02 7.7466 0 0 0 0 0 0
